0.09867670545288616 0.21427561031257084 0.2712206251425965 0.06543919689710244 0.30968514715948037 0.08922883869495779 0.1145608031028976 0.1024389687428702 0.0768469085101529 0.22863335614875613 0.05476386036960987 0.5374629249372576 0.0872347707049965 0.04589550536162451 0.034766141911932474 0.24836869723933408 0.13899840292037424 0.1771822952315767 1.657522245037651 0.0740428929956651 0.8001802418434885 0.11369153547798316 0.08699520876112246 0.08741729409080534 0.5691193246634718 0.2758498745151721 0.8049828884325805 0.1308669860825918 0.10377367100159708 0.1075427789185489 0.06786447638603695 0.0493885466575405 0.09656399726214915 0.05006616472735569 0.11043121149897332 0.10036960985626288 0.13862651152178865 0.013718913985854437 0.08205110654802648 0.06667122975131196 0.04533424595026237 0.1387862194843714 0.04682409308692682 0.08246862879306416 0.31416153319644 0.18641569701117983 0.0055692448094912155 0.03231576545744923 0.038740588637919154 0.1385341090577232 0.017198266027834846 0.2650191649555097 0.06729409080538443 0.04238717773214695 3.4197634040611447 32.08806753365275 186.01505817932923 0.3732603239790098
0.19 0.0 0.38 0.0 0.0 0.19 0.0 0.0 0.0 0.0 0.19 0.19 0.0 0.0 0.0 0.38 0.0 0.19 1.14 0.0 0.38 0.0 0.0 0.0 0.0 0.0 0.0 0.0 0.0 0.0 0.0 0.0 0.0 0.0 0.0 0.0 0.0 0.0 0.0 0.0 0.0 0.0 0.0 0.0 0.0 0.0 0.0 0.0 0.01 0.01 0.0 0.0 0.0 0.003 2.383 21.0 15841.0 1.0
0.0 0.0 0.0 0.04 0.0 0.0 0.0 0.0 0.0 0.0 0.0 0.0 0.0 0.0 0.0 0.02 0.0 0.0 0.02 0.0 0.0 0.0 0.0 0.0 0.0 0.0 0.0 0.0 0.0 0.0 0.0 0.0 0.0 0.0 0.0 0.0 0.0 0.0 0.0 0.0 0.0 0.0 0.0 0.0 0.0 0.0 0.0 0.0 1.024 9.752 0.003 1.542 1.785 1.998 239.571 9989.0 10062.0 1.0
0.09666666666666666 0.013333333333333334 0.20000000000000004 0.0 0.15333333333333335 0.13333333333333333 0.0 0.09666666666666666 0.09666666666666666 0.3133333333333333 0.06 0.07333333333333333 0.12 0.0 0.06333333333333334 0.013333333333333334 0.13 0.06333333333333334 0.6266666666666668 0.013333333333333334 0.27666666666666667 3.1766666666666663 0.22999999999999998 0.18333333333333335 0.0 0.0 0.0 0.0 0.0 0.0 0.0 0.0 0.0 0.04666666666666667 0.0 0.013333333333333334 0.0 0.0 0.02666666666666667 0.0 0.0 0.0 0.0 0.0 0.06333333333333334 0.0 0.0 0.0 0.37233333333333335 0.09500000000000001 0.014 0.14 0.03 0.0036666666666666666 15.187666666666667 493.0 9113.666666666666 1.0
0.005 0.005 0.035 0.0 0.025 0.0 0.0 0.005 0.015 0.065 0.025 0.0 0.0 0.025 0.0 0.0 0.005 0.035 0.005 0.0 0.005 0.0 0.0 0.0 0.0 0.0 0.0 0.0 0.0 0.0 0.0 0.0 0.035 0.0 0.0 0.065 0.0 0.0 0.0 0.005 0.23 0.0 0.0 0.015 0.0 0.4 0.005 0.035 0.036000000000000004 0.1615 0.075 0.012 0.055999999999999994 0.012 3.0295 43.5 5648.5 0.0
0.195 0.5 0.4 0.095 0.58 0.0 0.0 0.0 0.39 0.19 0.0 0.2 0.0 0.0 0.0 0.1 0.0 0.0 0.195 0.19 0.39 0.0 0.0 0.2 0.095 0.0 0.0 0.095 0.0 0.0 0.0 0.0 0.0 0.19 0.0 0.0 0.0 0.0 0.0 0.0 0.0 0.0 0.0 0.0 0.0 0.0 0.0 0.0 0.0 0.035 0.0 0.4155 0.7295 0.015 1062.0 2123.0 2124.0 1.0
0.2749411764705882 0.18058823529411763 0.292235294117647 0.052941176470588235 0.13929411764705885 0.09188235294117651 0.029411764705882353 0.13058823529411764 0.2667058823529411 0.3783529411764706 0.15447058823529414 0.5989411764705884 0.3094117647058822 0.6011764705882353 0.04494117647058822 0.19235294117647062 0.25929411764705884 0.11294117647058821 1.8985882352941177 0.044705882352941186 0.8684705882352942 0.07988235294117647 0.3552941176470589 0.27623529411764697 0.2822352941176471 0.09188235294117647 0.004588235294117647 0.002 0.0031764705882352945 0.00870588235294118 0.0042352941176470585 0.0 0.2589411764705882 0.0 0.004470588235294118 0.04352941176470588 0.1931764705882353 0.003999999999999999 0.009764705882352943 0.016117647058823535 0.020588235294117647 0.006941176470588236 0.007294117647058825 0.018823529411764708 0.045411764705882346 0.07458823529411765 0.006470588235294119 0.04847058823529412 0.038341176470588226 0.10751764705882352 0.012823529411764708 0.2521764705882353 0.31742352941176466 0.08462352941176468 5.181717647058827 163.75294117647059 2700.929411764706 0.6941176470588235
0.17684210526315786 0.1922807017543859 0.6411403508771931 0.0830701754385965 0.5625438596491227 0.3621052631578946 0.1821929824561403 0.18982456140350878 0.4343859649122804 0.5085087719298247 0.17157894736842108 0.7035087719298249 0.16184210526315795 0.09175438596491226 0.6068421052631578 0.33219298245614026 0.17798245614035074 0.5431578947368422 1.6817543859649127 0.5692982456140354 1.1437719298245619 0.37736842105263163 0.4331578947368421 0.1852631578947367 0.08456140350877193 0.03657894736842105 0.015263157894736845 0.004035087719298246 0.0 0.009824561403508772 0.0010526315789473684 0.0 0.017807017543859646 0.0011403508771929826 0.004736842105263157 0.038421052631578946 0.05350877192982457 0.002368421052631579 0.009298245614035089 0.031403508771929836 0.0 0.0 0.05482456140350879 0.011315789473684213 0.037719298245614034 0.02780701754385965 5.263157894736842E-4 0.007017543859649123 0.017885964912280703 0.09815789473684211 0.012640350877192983 0.42362280701754407 0.162 0.06725438596491225 51.69389473684213 537.6578947368421 1416.1929824561403 0.8859649122807017
0.455 0.2925 0.2925 0.0 0.16750000000000004 0.03 0.0075 0.26 0.4925 0.88 0.2375 0.47374999999999995 0.52625 0.7562499999999999 0.10000000000000002 0.145 0.4575 0.17875000000000002 2.82625 0.01125 1.3524999999999998 0.0 0.645 0.57125 0.0 0.0 0.0 0.0 0.0 0.0 0.0 0.0 0.0 0.0 0.0075 0.04 0.0 0.0 0.021249999999999998 0.1375 0.0 0.0 0.0 0.0 0.07375000000000001 0.0 0.0 0.0 0.018875000000000003 0.077 0.0 0.44325000000000003 0.35325 0.08712500000000001 16.492500000000003 956.0 2552.0 1.0
0.25 0.125 0.21 0.0 0.10500000000000001 0.115 0.01 0.175 0.175 0.41 0.105 0.48 0.25 0.46 0.01 0.165 0.21 0.01 1.625 0.0 0.745 0.0 0.47 0.23 0.0 0.0 0.0 0.0 0.0 0.0 0.0 0.0 0.0 0.0 0.0 0.0 0.0 0.0 0.0 0.01 0.0 0.0 0.0 0.0 0.01 0.0 0.01 0.0 0.005 0.5495 0.0 0.1625 1.067 0.067 7.136 361.5 3940.0 1.0
